1
0.5077989601386482
0.16486788239672498
 
2
0.5077989601386482
0.17078825347758886
 
3
0.5058365758754864
0.24481605351170568
 
4
0.527027027027027
0.31235154394299286
 
5
0.5849056603773585
0.4016393442622951
 
6
0.6583850931677019
0.5778894472361809
 
7
0.6914893617021277
0.6836734693877551
 
8
0.7333333333333333
0.7333333333333333
 
9
0.7323943661971831
0.7323943661971831
 
10
0.7391304347826086
0.7391304347826086
 
11
0.7352941176470589
0.7352941176470589
 
12
0.7352941176470589
0.7352941176470589
 
13
0.7352941176470589
0.7352941176470589
 
14
0.7352941176470589
0.7352941176470589
 
15
0.7352941176470589
0.7352941176470589
 
16
0.7352941176470589
0.7352941176470589
 
17
0.7352941176470589
0.7352941176470589
 
18
0.7352941176470589
0.7352941176470589
 
19
0.7352941176470589
0.7352941176470589
 
20
0.7352941176470589
0.7352941176470589
 
