1
0.5077989601386482
0.16486788239672498
0.03296866860162238
 
2
0.5077989601386482
0.17078825347758886
0.032894247227803826
 
3
0.5058365758754864
0.24481605351170568
0.02723822281759321
 
4
0.527027027027027
0.31235154394299286
0.019572821314281463
 
5
0.5849056603773585
0.4016393442622951
0.014586589268437896
 
6
0.6583850931677019
0.5778894472361809
0.00855845798913448
 
7
0.6914893617021277
0.6836734693877551
0.004986232045843566
 
8
0.7333333333333333
0.7333333333333333
0.004093175560020838
 
9
0.7323943661971831
0.7323943661971831
0.0038699114385651557
 
10
0.7391304347826086
0.7391304347826086
0.003795490064746595
 
11
0.7352941176470589
0.7352941176470589
0.0037210686909280345
 
12
0.7352941176470589
0.7352941176470589
0.0037210686909280345
 
13
0.7352941176470589
0.7352941176470589
0.0037210686909280345
 
14
0.7352941176470589
0.7352941176470589
0.0037210686909280345
 
15
0.7352941176470589
0.7352941176470589
0.0037210686909280345
 
16
0.7352941176470589
0.7352941176470589
0.0037210686909280345
 
17
0.7352941176470589
0.7352941176470589
0.0037210686909280345
 
18
0.7352941176470589
0.7352941176470589
0.0037210686909280345
 
19
0.7352941176470589
0.7352941176470589
0.0037210686909280345
 
20
0.7352941176470589
0.7352941176470589
0.0037210686909280345
 
