1
0.491852487135506
0.13164912280701754
0.41884349185085956
 
2
0.4920999712726228
0.13359307773209675
0.4159410582719357
 
3
0.4964788732394366
0.22287645840148293
0.3042345761702761
 
4
0.5106618665189698
0.2813257881972514
0.18129046662201384
 
5
0.5537613233556519
0.39432753888380606
0.12830244846319863
 
6
0.6295597484276729
0.5592964824120603
0.08283098906005805
 
7
0.6353646353646354
0.6167608286252354
0.048745999851157254
 
8
0.6145552560646901
0.6145552560646901
0.03393614646126367
 
9
0.586924219910847
0.586924219910847
0.029396442658331474
 
10
0.573208722741433
0.573208722741433
0.027387065565230333
 
11
0.5712050078247262
0.5712050078247262
0.027163801443774654
 
12
0.5705329153605015
0.5705329153605015
0.027089380069956093
 
13
0.5705329153605015
0.5705329153605015
0.027089380069956093
 
14
0.5705329153605015
0.5705329153605015
0.027089380069956093
 
15
0.5705329153605015
0.5705329153605015
0.027089380069956093
 
16
0.5705329153605015
0.5705329153605015
0.027089380069956093
 
17
0.5705329153605015
0.5705329153605015
0.027089380069956093
 
18
0.5705329153605015
0.5705329153605015
0.027089380069956093
 
19
0.5705329153605015
0.5705329153605015
0.027089380069956093
 
20
0.5705329153605015
0.5705329153605015
0.027089380069956093
 
