-1.0
0.4438337801608579
0.14230758586333822
0.38267470417503907
 
-0.9
0.4438337801608579
0.14230758586333822
0.38267470417503907
 
-0.8
0.4094652735095267
0.1619513484928609
0.3646647317109474
 
-0.7
0.4096770232101191
0.16228200800820675
0.36496241720622163
 
-0.6
0.40940830576993753
0.16285164543524416
0.3653345240753144
 
-0.5
0.4100073764445537
0.16244292992787665
0.365408945449133
 
-0.4
0.40832616971632074
0.1624755657158003
0.36496241720622163
 
-0.3
0.4009967181232527
0.16209717815995991
0.3612413485152936
 
-0.2
0.3931985961515188
0.15968498659517427
0.3546178462454417
 
-0.1
0.3929227378474348
0.15681998413957177
0.353203840142889
 
